x(m)              y(m)              z(m)              Txx                      Tyx                      Tzx                      Tyy                      Tzy                      Tzz                      
-5.0000000        -5.0000000        30.0000000        -1.60368652833467e+01    1.22008870853060e+00     -3.67866767192286e+01    -3.50236508875348e+01    -3.01738854296570e+01    5.10605161708816e+01     
-4.0000000        -4.0000000        30.0000000        -2.12803834786821e+01    -2.52291358558911e+00    -4.00902237548498e+01    -4.38494234766306e+01    -3.17448345107191e+01    6.51298069553126e+01     
-3.0000000        -3.0000000        30.0000000        -2.78567285366877e+01    -7.88845880259863e+00    -4.25481998037351e+01    -5.48092221466142e+01    -3.19158299260292e+01    8.26659506833013e+01     
-2.0000000        -2.0000000        30.0000000        -3.58937206418531e+01    -1.53225885986113e+01    -4.32881821688320e+01    -6.82128739571450e+01    -2.96117556428705e+01    1.04106594598998e+02     
-1.0000000        -1.0000000        30.0000000        -4.53158542940823e+01    -2.52448550749985e+01    -4.09877643104631e+01    -8.41909807884852e+01    -2.32308698052799e+01    1.29506835082568e+02     
0.0000000         0.0000000         30.0000000        -5.56090412446888e+01    -3.78759039218421e+01    -3.37885322806415e+01    -1.02444119929449e+02    -1.05346972184099e+01    1.58053161174138e+02     
1.0000000         1.0000000         30.0000000        -6.54538699811780e+01    -5.29206196320189e+01    -1.93706325572479e+01    -1.21841686418309e+02    1.13024319711282e+01     1.87295556399486e+02     
2.0000000         2.0000000         30.0000000        -7.22749310952789e+01    -6.91036402808430e+01    4.57818052460958e+00     -1.39907597572751e+02    4.52441375113116e+01     2.12182528668031e+02     
3.0000000         3.0000000         30.0000000        -7.19476254777908e+01    -8.37081366218424e+01    3.92163478650423e+01     -1.52420768728518e+02    9.32506813289303e+01     2.24368394206310e+02     
4.0000000         4.0000000         30.0000000        -5.91893995975589e+01    -9.25357988317506e+01    8.26946070056263e+01     -1.53635158940170e+02    1.54399373635437e+02     2.12824558537728e+02     
5.0000000         5.0000000         30.0000000        -2.92395726188179e+01    -9.08568885421817e+01    1.28350128222727e+02     -1.37687042895197e+02    2.22983171269530e+02     1.66926615514015e+02     
6.0000000         6.0000000         30.0000000        1.92302117739412e+01     -7.54865633373923e+01    1.64644759063122e+02     -1.01121132123811e+02    2.88179413466776e+02     8.18909203498718e+01     
7.0000000         7.0000000         30.0000000        8.14248316886038e+01     -4.70440419636549e+01    1.78315368888888e+02     -4.52648375635633e+01    3.36591534566294e+02     -3.61599941250407e+01    
8.0000000         8.0000000         30.0000000        1.46213353307174e+02     -1.07520893937688e+01    1.60010985522267e+02     2.32635677890588e+01     3.56931547321609e+02     -1.69476921096233e+02    
9.0000000         9.0000000         30.0000000        1.99463611144074e+02     2.50814369085831e+01     1.09239210889244e+02     9.43643624563349e+01     3.44203209106083e+02     -2.93827973600410e+02    
10.0000000        10.0000000        30.0000000        2.29469685397700e+02     5.21210170239416e+01     3.54235749945386e+01     1.57389002611288e+02     3.01198282608305e+02     -3.86858688008988e+02    
11.0000000        11.0000000        30.0000000        2.31443791811717e+02     6.49642317307663e+01     -4.56023304270333e+01    2.03803203297304e+02     2.37132437333301e+02     -4.35246995109021e+02    
12.0000000        12.0000000        30.0000000        2.08679116156648e+02     6.27070153575438e+01     -1.17619102958416e+02    2.29000785999699e+02     1.64493527349259e+02     -4.37679902156347e+02    
13.0000000        13.0000000        30.0000000        1.70119018056056e+02     4.86103147141560e+01     -1.69428514002099e+02    2.33032374011661e+02     9.53058372119972e+01     -4.03151392067717e+02    
14.0000000        14.0000000        30.0000000        1.26116315495574e+02     2.82117081192746e+01     -1.97254847290496e+02    2.19945167319199e+02     3.80508032058227e+01     -3.46061482814775e+02    
15.0000000        15.0000000        30.0000000        8.48396986411594e+01     6.97342552182649e+00     -2.03701938660998e+02    1.95898751385065e+02     -3.63499396321967e+00    -2.80738450026223e+02    
16.0000000        16.0000000        30.0000000        5.07839303976522e+01     -1.13274575813844e+01    -1.94745548337014e+02    1.67002390265322e+02     -3.02671863858992e+01    -2.17786320662975e+02    
17.0000000        17.0000000        30.0000000        2.51979013183524e+01     -2.49819435845526e+01    -1.76798440230158e+02    1.37888005279379e+02     -4.47262030060969e+01    -1.63085906597732e+02    
18.0000000        18.0000000        30.0000000        7.34591211532696e+00     -3.38629337804537e+01    -1.55006646370266e+02    1.11325817666708e+02     -5.05410297905324e+01    -1.18671729782035e+02    
19.0000000        19.0000000        30.0000000        -4.31992282747791e+00    -3.86949207828244e+01    -1.32782136746554e+02    8.85404018490099e+01     -5.08475095072915e+01    -8.42204790215327e+01    
20.0000000        20.0000000        30.0000000        -1.14297805467718e+01    -4.04769664554555e+01    -1.12039439091915e+02    6.97506829561852e+01     -4.80063557619230e+01    -5.83209024094125e+01    
21.0000000        21.0000000        30.0000000        -1.53689222372847e+01    -4.01574883829071e+01    -9.36481407420399e+01    5.46429416905727e+01     -4.36137923231595e+01    -3.92740194532874e+01    
22.0000000        22.0000000        30.0000000        -1.71947518193562e+01    -3.85042175863016e+01    -7.78449786875785e+01    4.26879596763074e+01     -3.86647302964587e+01    -2.54932078569515e+01    
23.0000000        23.0000000        30.0000000        -1.76653651341389e+01    -3.60839987324889e+01    -6.45282486154984e+01    3.33191854262112e+01     -3.37343031516171e+01    -1.56538202920726e+01    
24.0000000        24.0000000        30.0000000        -1.73028720453252e+01    -3.32898114456847e+01    -5.34416346453823e+01    2.60173515702775e+01     -2.91259993533116e+01    -8.71447952495254e+00    
25.0000000        25.0000000        30.0000000        -1.64567873321380e+01    -3.03805538804743e+01    -4.42784173650810e+01    2.03414249200739e+01     -2.49771832697961e+01    -3.88463758793633e+00    
