x(km)             y(km)             z(km)             Txx                      Tyx                      Tzx                      Tyy                      Tzy                      Tzz                      
-5.0000000        -5.0000000        30.0000000        -1.60368652833472e+01    1.22008870853078e+00    -3.67866767192294e+01   -3.50236508875351e+01   -3.01738854296638e+01   5.10605161708839e+01    
-4.0000000        -4.0000000        30.0000000        -2.12803834786817e+01    -2.52291358558937e+00   -4.00902237548515e+01   -4.38494234766284e+01   -3.17448345107208e+01   6.51298069553220e+01    
-3.0000000        -3.0000000        30.0000000        -2.78567285366877e+01    -7.88845880259859e+00   -4.25481998037327e+01   -5.48092221466146e+01   -3.19158299260320e+01   8.26659506832913e+01    
-2.0000000        -2.0000000        30.0000000        -3.58937206418494e+01    -1.53225885986097e+01   -4.32881821688206e+01   -6.82128739571554e+01   -2.96117556428745e+01   1.04106594599003e+02    
-1.0000000        -1.0000000        30.0000000        -4.53158542940892e+01    -2.52448550750043e+01   -4.09877643104634e+01   -8.41909807884793e+01   -2.32308698052797e+01   1.29506835082556e+02    
0.0000000         0.0000000         30.0000000        -5.56090412446863e+01    -3.78759039218471e+01   -3.37885322806410e+01   -1.02444119929442e+02   -1.05346972184095e+01   1.58053161174104e+02    
1.0000000         1.0000000         30.0000000        -6.54538699811756e+01    -5.29206196320139e+01   -1.93706325572497e+01   -1.21841686418356e+02   1.13024319711290e+01    1.87295556399502e+02    
2.0000000         2.0000000         30.0000000        -7.22749310952880e+01    -6.91036402808244e+01   4.57818052460926e+00    -1.39907597572769e+02   4.52441375113175e+01    2.12182528668001e+02    
3.0000000         3.0000000         30.0000000        -7.19476254777800e+01    -8.37081366218565e+01   3.92163478650359e+01    -1.52420768728495e+02   9.32506813289362e+01    2.24368394206317e+02    
4.0000000         4.0000000         30.0000000        -5.91893995975577e+01    -9.25357988317417e+01   8.26946070056089e+01    -1.53635158940174e+02   1.54399373635461e+02    2.12824558537750e+02    
5.0000000         5.0000000         30.0000000        -2.92395726188096e+01    -9.08568885421784e+01   1.28350128222698e+02    -1.37687042895177e+02   2.22983171269510e+02    1.66926615514019e+02    
6.0000000         6.0000000         30.0000000        1.92302117739365e+01     -7.54865633373931e+01   1.64644759063133e+02    -1.01121132123785e+02   2.88179413466816e+02    8.18909203498790e+01    
7.0000000         7.0000000         30.0000000        8.14248316886278e+01     -4.70440419636611e+01   1.78315368888919e+02    -4.52648375635587e+01   3.36591534566268e+02    -3.61599941250385e+01   
8.0000000         8.0000000         30.0000000        1.46213353307168e+02     -1.07520893937678e+01   1.60010985522226e+02    2.32635677890619e+01    3.56931547321662e+02    -1.69476921096239e+02   
9.0000000         9.0000000         30.0000000        1.99463611144075e+02     2.50814369085821e+01    1.09239210889243e+02    9.43643624563102e+01    3.44203209106061e+02    -2.93827973600413e+02   
10.0000000        10.0000000        30.0000000        2.29469685397656e+02     5.21210170239335e+01    3.54235749945352e+01    1.57389002611292e+02    3.01198282608262e+02    -3.86858688008932e+02   
11.0000000        11.0000000        30.0000000        2.31443791811695e+02     6.49642317307598e+01    -4.56023304270311e+01   2.03803203297312e+02    2.37132437333312e+02    -4.35246995108949e+02   
12.0000000        12.0000000        30.0000000        2.08679116156676e+02     6.27070153575336e+01    -1.17619102958403e+02   2.29000785999713e+02    1.64493527349248e+02    -4.37679902156389e+02   
13.0000000        13.0000000        30.0000000        1.70119018056039e+02     4.86103147141517e+01    -1.69428514002133e+02   2.33032374011660e+02    9.53058372120088e+01    -4.03151392067732e+02   
14.0000000        14.0000000        30.0000000        1.26116315495559e+02     2.82117081192448e+01    -1.97254847290514e+02   2.19945167319176e+02    3.80508032058187e+01    -3.46061482814813e+02   
15.0000000        15.0000000        30.0000000        8.48396986411429e+01     6.97342552181097e+00    -2.03701938660993e+02   1.95898751385070e+02    -3.63499396321762e+00   -2.80738450026217e+02   
16.0000000        16.0000000        30.0000000        5.07839303976341e+01     -1.13274575813852e+01   -1.94745548337043e+02   1.67002390265302e+02    -3.02671863858972e+01   -2.17786320662959e+02   
17.0000000        17.0000000        30.0000000        2.51979013183499e+01     -2.49819435845492e+01   -1.76798440230152e+02   1.37888005279372e+02    -4.47262030060979e+01   -1.63085906597714e+02   
18.0000000        18.0000000        30.0000000        7.34591211532711e+00     -3.38629337804617e+01   -1.55006646370240e+02   1.11325817666697e+02    -5.05410297905402e+01   -1.18671729782024e+02   
19.0000000        19.0000000        30.0000000        -4.31992282747782e+00    -3.86949207828154e+01   -1.32782136746543e+02   8.85404018490078e+01    -5.08475095072847e+01   -8.42204790215190e+01   
20.0000000        20.0000000        30.0000000        -1.14297805467723e+01    -4.04769664554488e+01   -1.12039439091898e+02   6.97506829561853e+01    -4.80063557619213e+01   -5.83209024094049e+01   
21.0000000        21.0000000        30.0000000        -1.53689222372816e+01    -4.01574883829146e+01   -9.36481407420400e+01   5.46429416905717e+01    -4.36137923231551e+01   -3.92740194532774e+01   
22.0000000        22.0000000        30.0000000        -1.71947518193621e+01    -3.85042175863010e+01   -7.78449786875792e+01   4.26879596763084e+01    -3.86647302964558e+01   -2.54932078569526e+01   
23.0000000        23.0000000        30.0000000        -1.76653651341404e+01    -3.60839987324882e+01   -6.45282486154968e+01   3.33191854262151e+01    -3.37343031516187e+01   -1.56538202920748e+01   
24.0000000        24.0000000        30.0000000        -1.73028720453239e+01    -3.32898114456846e+01   -5.34416346453855e+01   2.60173515702711e+01    -2.91259993533067e+01   -8.71447952495217e+00   
25.0000000        25.0000000        30.0000000        -1.64567873321369e+01    -3.03805538804708e+01   -4.42784173650788e+01   2.03414249200748e+01    -2.49771832697992e+01   -3.88463758793604e+00   
