1353			
0	39531000	3434800	100
1	39531100	3434800	100
2	39531200	3434800	100
3	39531300	3434800	100
4	39531400	3434800	100
5	39531500	3434800	100
6	39531600	3434800	100
7	39531700	3434800	100
8	39531800	3434800	100
9	39531900	3434800	100
10	39532000	3434800	100
11	39532100	3434800	100
12	39532200	3434800	100
13	39532300	3434800	100
14	39532400	3434800	100
15	39532500	3434800	100
16	39532600	3434800	100
17	39532700	3434800	100
18	39532800	3434800	100
19	39532900	3434800	100
20	39533000	3434800	100
21	39533100	3434800	100
22	39533200	3434800	100
23	39533300	3434800	100
24	39533400	3434800	100
25	39533500	3434800	100
26	39533600	3434800	100
27	39533700	3434800	100
28	39533800	3434800	100
29	39533900	3434800	100
30	39534000	3434800	100
31	39534100	3434800	100
32	39534200	3434800	100
33	39534300	3434800	100
34	39534400	3434800	100
35	39534500	3434800	100
36	39534600	3434800	100
37	39534700	3434800	100
38	39534800	3434800	100
39	39534900	3434800	100
40	39535000	3434800	100
41	39531000	3434900	100
42	39531100	3434900	100
43	39531200	3434900	100
44	39531300	3434900	100
45	39531400	3434900	100
46	39531500	3434900	100
47	39531600	3434900	100
48	39531700	3434900	100
49	39531800	3434900	100
50	39531900	3434900	100
51	39532000	3434900	100
52	39532100	3434900	100
53	39532200	3434900	100
54	39532300	3434900	100
55	39532400	3434900	100
56	39532500	3434900	100
57	39532600	3434900	100
58	39532700	3434900	100
59	39532800	3434900	100
60	39532900	3434900	100
61	39533000	3434900	100
62	39533100	3434900	100
63	39533200	3434900	100
64	39533300	3434900	100
65	39533400	3434900	100
66	39533500	3434900	100
67	39533600	3434900	100
68	39533700	3434900	100
69	39533800	3434900	100
70	39533900	3434900	100
71	39534000	3434900	100
72	39534100	3434900	100
73	39534200	3434900	100
74	39534300	3434900	100
75	39534400	3434900	100
76	39534500	3434900	100
77	39534600	3434900	100
78	39534700	3434900	100
79	39534800	3434900	100
80	39534900	3434900	100
81	39535000	3434900	100
82	39531000	3435000	100
83	39531100	3435000	100
84	39531200	3435000	100
85	39531300	3435000	100
86	39531400	3435000	100
87	39531500	3435000	100
88	39531600	3435000	100
89	39531700	3435000	100
90	39531800	3435000	100
91	39531900	3435000	100
92	39532000	3435000	100
93	39532100	3435000	100
94	39532200	3435000	100
95	39532300	3435000	100
96	39532400	3435000	100
97	39532500	3435000	100
98	39532600	3435000	100
99	39532700	3435000	100
100	39532800	3435000	100
101	39532900	3435000	100
102	39533000	3435000	100
103	39533100	3435000	100
104	39533200	3435000	100
105	39533300	3435000	100
106	39533400	3435000	100
107	39533500	3435000	100
108	39533600	3435000	100
109	39533700	3435000	100
110	39533800	3435000	100
111	39533900	3435000	100
112	39534000	3435000	100
113	39534100	3435000	100
114	39534200	3435000	100
115	39534300	3435000	100
116	39534400	3435000	100
117	39534500	3435000	100
118	39534600	3435000	100
119	39534700	3435000	100
120	39534800	3435000	100
121	39534900	3435000	100
122	39535000	3435000	100
123	39531000	3435100	100
124	39531100	3435100	100
125	39531200	3435100	100
126	39531300	3435100	100
127	39531400	3435100	100
128	39531500	3435100	100
129	39531600	3435100	100
130	39531700	3435100	100
131	39531800	3435100	100
132	39531900	3435100	100
133	39532000	3435100	100
134	39532100	3435100	100
135	39532200	3435100	100
136	39532300	3435100	100
137	39532400	3435100	100
138	39532500	3435100	100
139	39532600	3435100	100
140	39532700	3435100	100
141	39532800	3435100	100
142	39532900	3435100	100
143	39533000	3435100	100
144	39533100	3435100	100
145	39533200	3435100	100
146	39533300	3435100	100
147	39533400	3435100	100
148	39533500	3435100	100
149	39533600	3435100	100
150	39533700	3435100	100
151	39533800	3435100	100
152	39533900	3435100	100
153	39534000	3435100	100
154	39534100	3435100	100
155	39534200	3435100	100
156	39534300	3435100	100
157	39534400	3435100	100
158	39534500	3435100	100
159	39534600	3435100	100
160	39534700	3435100	100
161	39534800	3435100	100
162	39534900	3435100	100
163	39535000	3435100	100
164	39531000	3435200	100
165	39531100	3435200	100
166	39531200	3435200	100
167	39531300	3435200	100
168	39531400	3435200	100
169	39531500	3435200	100
170	39531600	3435200	100
171	39531700	3435200	100
172	39531800	3435200	100
173	39531900	3435200	100
174	39532000	3435200	100
175	39532100	3435200	100
176	39532200	3435200	100
177	39532300	3435200	100
178	39532400	3435200	100
179	39532500	3435200	100
180	39532600	3435200	100
181	39532700	3435200	100
182	39532800	3435200	100
183	39532900	3435200	100
184	39533000	3435200	100
185	39533100	3435200	100
186	39533200	3435200	100
187	39533300	3435200	100
188	39533400	3435200	100
189	39533500	3435200	100
190	39533600	3435200	100
191	39533700	3435200	100
192	39533800	3435200	100
193	39533900	3435200	100
194	39534000	3435200	100
195	39534100	3435200	100
196	39534200	3435200	100
197	39534300	3435200	100
198	39534400	3435200	100
199	39534500	3435200	100
200	39534600	3435200	100
201	39534700	3435200	100
202	39534800	3435200	100
203	39534900	3435200	100
204	39535000	3435200	100
205	39531000	3435300	100
206	39531100	3435300	100
207	39531200	3435300	100
208	39531300	3435300	100
209	39531400	3435300	100
210	39531500	3435300	100
211	39531600	3435300	100
212	39531700	3435300	100
213	39531800	3435300	100
214	39531900	3435300	100
215	39532000	3435300	100
216	39532100	3435300	100
217	39532200	3435300	100
218	39532300	3435300	100
219	39532400	3435300	100
220	39532500	3435300	100
221	39532600	3435300	100
222	39532700	3435300	100
223	39532800	3435300	100
224	39532900	3435300	100
225	39533000	3435300	100
226	39533100	3435300	100
227	39533200	3435300	100
228	39533300	3435300	100
229	39533400	3435300	100
230	39533500	3435300	100
231	39533600	3435300	100
232	39533700	3435300	100
233	39533800	3435300	100
234	39533900	3435300	100
235	39534000	3435300	100
236	39534100	3435300	100
237	39534200	3435300	100
238	39534300	3435300	100
239	39534400	3435300	100
240	39534500	3435300	100
241	39534600	3435300	100
242	39534700	3435300	100
243	39534800	3435300	100
244	39534900	3435300	100
245	39535000	3435300	100
246	39531000	3435400	100
247	39531100	3435400	100
248	39531200	3435400	100
249	39531300	3435400	100
250	39531400	3435400	100
251	39531500	3435400	100
252	39531600	3435400	100
253	39531700	3435400	100
254	39531800	3435400	100
255	39531900	3435400	100
256	39532000	3435400	100
257	39532100	3435400	100
258	39532200	3435400	100
259	39532300	3435400	100
260	39532400	3435400	100
261	39532500	3435400	100
262	39532600	3435400	100
263	39532700	3435400	100
264	39532800	3435400	100
265	39532900	3435400	100
266	39533000	3435400	100
267	39533100	3435400	100
268	39533200	3435400	100
269	39533300	3435400	100
270	39533400	3435400	100
271	39533500	3435400	100
272	39533600	3435400	100
273	39533700	3435400	100
274	39533800	3435400	100
275	39533900	3435400	100
276	39534000	3435400	100
277	39534100	3435400	100
278	39534200	3435400	100
279	39534300	3435400	100
280	39534400	3435400	100
281	39534500	3435400	100
282	39534600	3435400	100
283	39534700	3435400	100
284	39534800	3435400	100
285	39534900	3435400	100
286	39535000	3435400	100
287	39531000	3435500	100
288	39531100	3435500	100
289	39531200	3435500	100
290	39531300	3435500	100
291	39531400	3435500	100
292	39531500	3435500	100
293	39531600	3435500	100
294	39531700	3435500	100
295	39531800	3435500	100
296	39531900	3435500	100
297	39532000	3435500	100
298	39532100	3435500	100
299	39532200	3435500	100
300	39532300	3435500	100
301	39532400	3435500	100
302	39532500	3435500	100
303	39532600	3435500	100
304	39532700	3435500	100
305	39532800	3435500	100
306	39532900	3435500	100
307	39533000	3435500	100
308	39533100	3435500	100
309	39533200	3435500	100
310	39533300	3435500	100
311	39533400	3435500	100
312	39533500	3435500	100
313	39533600	3435500	100
314	39533700	3435500	100
315	39533800	3435500	100
316	39533900	3435500	100
317	39534000	3435500	100
318	39534100	3435500	100
319	39534200	3435500	100
320	39534300	3435500	100
321	39534400	3435500	100
322	39534500	3435500	100
323	39534600	3435500	100
324	39534700	3435500	100
325	39534800	3435500	100
326	39534900	3435500	100
327	39535000	3435500	100
328	39531000	3435600	100
329	39531100	3435600	100
330	39531200	3435600	100
331	39531300	3435600	100
332	39531400	3435600	100
333	39531500	3435600	100
334	39531600	3435600	100
335	39531700	3435600	100
336	39531800	3435600	100
337	39531900	3435600	100
338	39532000	3435600	100
339	39532100	3435600	100
340	39532200	3435600	100
341	39532300	3435600	100
342	39532400	3435600	100
343	39532500	3435600	100
344	39532600	3435600	100
345	39532700	3435600	100
346	39532800	3435600	100
347	39532900	3435600	100
348	39533000	3435600	100
349	39533100	3435600	100
350	39533200	3435600	100
351	39533300	3435600	100
352	39533400	3435600	100
353	39533500	3435600	100
354	39533600	3435600	100
355	39533700	3435600	100
356	39533800	3435600	100
357	39533900	3435600	100
358	39534000	3435600	100
359	39534100	3435600	100
360	39534200	3435600	100
361	39534300	3435600	100
362	39534400	3435600	100
363	39534500	3435600	100
364	39534600	3435600	100
365	39534700	3435600	100
366	39534800	3435600	100
367	39534900	3435600	100
368	39535000	3435600	100
369	39531000	3435700	100
370	39531100	3435700	100
371	39531200	3435700	100
372	39531300	3435700	100
373	39531400	3435700	100
374	39531500	3435700	100
375	39531600	3435700	100
376	39531700	3435700	100
377	39531800	3435700	100
378	39531900	3435700	100
379	39532000	3435700	100
380	39532100	3435700	100
381	39532200	3435700	100
382	39532300	3435700	100
383	39532400	3435700	100
384	39532500	3435700	100
385	39532600	3435700	100
386	39532700	3435700	100
387	39532800	3435700	100
388	39532900	3435700	100
389	39533000	3435700	100
390	39533100	3435700	100
391	39533200	3435700	100
392	39533300	3435700	100
393	39533400	3435700	100
394	39533500	3435700	100
395	39533600	3435700	100
396	39533700	3435700	100
397	39533800	3435700	100
398	39533900	3435700	100
399	39534000	3435700	100
400	39534100	3435700	100
401	39534200	3435700	100
402	39534300	3435700	100
403	39534400	3435700	100
404	39534500	3435700	100
405	39534600	3435700	100
406	39534700	3435700	100
407	39534800	3435700	100
408	39534900	3435700	100
409	39535000	3435700	100
410	39531000	3435800	100
411	39531100	3435800	100
412	39531200	3435800	100
413	39531300	3435800	100
414	39531400	3435800	100
415	39531500	3435800	100
416	39531600	3435800	100
417	39531700	3435800	100
418	39531800	3435800	100
419	39531900	3435800	100
420	39532000	3435800	100
421	39532100	3435800	100
422	39532200	3435800	100
423	39532300	3435800	100
424	39532400	3435800	100
425	39532500	3435800	100
426	39532600	3435800	100
427	39532700	3435800	100
428	39532800	3435800	100
429	39532900	3435800	100
430	39533000	3435800	100
431	39533100	3435800	100
432	39533200	3435800	100
433	39533300	3435800	100
434	39533400	3435800	100
435	39533500	3435800	100
436	39533600	3435800	100
437	39533700	3435800	100
438	39533800	3435800	100
439	39533900	3435800	100
440	39534000	3435800	100
441	39534100	3435800	100
442	39534200	3435800	100
443	39534300	3435800	100
444	39534400	3435800	100
445	39534500	3435800	100
446	39534600	3435800	100
447	39534700	3435800	100
448	39534800	3435800	100
449	39534900	3435800	100
450	39535000	3435800	100
451	39531000	3435900	100
452	39531100	3435900	100
453	39531200	3435900	100
454	39531300	3435900	100
455	39531400	3435900	100
456	39531500	3435900	100
457	39531600	3435900	100
458	39531700	3435900	100
459	39531800	3435900	100
460	39531900	3435900	100
461	39532000	3435900	100
462	39532100	3435900	100
463	39532200	3435900	100
464	39532300	3435900	100
465	39532400	3435900	100
466	39532500	3435900	100
467	39532600	3435900	100
468	39532700	3435900	100
469	39532800	3435900	100
470	39532900	3435900	100
471	39533000	3435900	100
472	39533100	3435900	100
473	39533200	3435900	100
474	39533300	3435900	100
475	39533400	3435900	100
476	39533500	3435900	100
477	39533600	3435900	100
478	39533700	3435900	100
479	39533800	3435900	100
480	39533900	3435900	100
481	39534000	3435900	100
482	39534100	3435900	100
483	39534200	3435900	100
484	39534300	3435900	100
485	39534400	3435900	100
486	39534500	3435900	100
487	39534600	3435900	100
488	39534700	3435900	100
489	39534800	3435900	100
490	39534900	3435900	100
491	39535000	3435900	100
492	39531000	3436000	100
493	39531100	3436000	100
494	39531200	3436000	100
495	39531300	3436000	100
496	39531400	3436000	100
497	39531500	3436000	100
498	39531600	3436000	100
499	39531700	3436000	100
500	39531800	3436000	100
501	39531900	3436000	100
502	39532000	3436000	100
503	39532100	3436000	100
504	39532200	3436000	100
505	39532300	3436000	100
506	39532400	3436000	100
507	39532500	3436000	100
508	39532600	3436000	100
509	39532700	3436000	100
510	39532800	3436000	100
511	39532900	3436000	100
512	39533000	3436000	100
513	39533100	3436000	100
514	39533200	3436000	100
515	39533300	3436000	100
516	39533400	3436000	100
517	39533500	3436000	100
518	39533600	3436000	100
519	39533700	3436000	100
520	39533800	3436000	100
521	39533900	3436000	100
522	39534000	3436000	100
523	39534100	3436000	100
524	39534200	3436000	100
525	39534300	3436000	100
526	39534400	3436000	100
527	39534500	3436000	100
528	39534600	3436000	100
529	39534700	3436000	100
530	39534800	3436000	100
531	39534900	3436000	100
532	39535000	3436000	100
533	39531000	3436100	100
534	39531100	3436100	100
535	39531200	3436100	100
536	39531300	3436100	100
537	39531400	3436100	100
538	39531500	3436100	100
539	39531600	3436100	100
540	39531700	3436100	100
541	39531800	3436100	100
542	39531900	3436100	100
543	39532000	3436100	100
544	39532100	3436100	100
545	39532200	3436100	100
546	39532300	3436100	100
547	39532400	3436100	100
548	39532500	3436100	100
549	39532600	3436100	100
550	39532700	3436100	100
551	39532800	3436100	100
552	39532900	3436100	100
553	39533000	3436100	100
554	39533100	3436100	100
555	39533200	3436100	100
556	39533300	3436100	100
557	39533400	3436100	100
558	39533500	3436100	100
559	39533600	3436100	100
560	39533700	3436100	100
561	39533800	3436100	100
562	39533900	3436100	100
563	39534000	3436100	100
564	39534100	3436100	100
565	39534200	3436100	100
566	39534300	3436100	100
567	39534400	3436100	100
568	39534500	3436100	100
569	39534600	3436100	100
570	39534700	3436100	100
571	39534800	3436100	100
572	39534900	3436100	100
573	39535000	3436100	100
574	39531000	3436200	100
575	39531100	3436200	100
576	39531200	3436200	100
577	39531300	3436200	100
578	39531400	3436200	100
579	39531500	3436200	100
580	39531600	3436200	100
581	39531700	3436200	100
582	39531800	3436200	100
583	39531900	3436200	100
584	39532000	3436200	100
585	39532100	3436200	100
586	39532200	3436200	100
587	39532300	3436200	100
588	39532400	3436200	100
589	39532500	3436200	100
590	39532600	3436200	100
591	39532700	3436200	100
592	39532800	3436200	100
593	39532900	3436200	100
594	39533000	3436200	100
595	39533100	3436200	100
596	39533200	3436200	100
597	39533300	3436200	100
598	39533400	3436200	100
599	39533500	3436200	100
600	39533600	3436200	100
601	39533700	3436200	100
602	39533800	3436200	100
603	39533900	3436200	100
604	39534000	3436200	100
605	39534100	3436200	100
606	39534200	3436200	100
607	39534300	3436200	100
608	39534400	3436200	100
609	39534500	3436200	100
610	39534600	3436200	100
611	39534700	3436200	100
612	39534800	3436200	100
613	39534900	3436200	100
614	39535000	3436200	100
615	39531000	3436300	100
616	39531100	3436300	100
617	39531200	3436300	100
618	39531300	3436300	100
619	39531400	3436300	100
620	39531500	3436300	100
621	39531600	3436300	100
622	39531700	3436300	100
623	39531800	3436300	100
624	39531900	3436300	100
625	39532000	3436300	100
626	39532100	3436300	100
627	39532200	3436300	100
628	39532300	3436300	100
629	39532400	3436300	100
630	39532500	3436300	100
631	39532600	3436300	100
632	39532700	3436300	100
633	39532800	3436300	100
634	39532900	3436300	100
635	39533000	3436300	100
636	39533100	3436300	100
637	39533200	3436300	100
638	39533300	3436300	100
639	39533400	3436300	100
640	39533500	3436300	100
641	39533600	3436300	100
642	39533700	3436300	100
643	39533800	3436300	100
644	39533900	3436300	100
645	39534000	3436300	100
646	39534100	3436300	100
647	39534200	3436300	100
648	39534300	3436300	100
649	39534400	3436300	100
650	39534500	3436300	100
651	39534600	3436300	100
652	39534700	3436300	100
653	39534800	3436300	100
654	39534900	3436300	100
655	39535000	3436300	100
656	39531000	3436400	100
657	39531100	3436400	100
658	39531200	3436400	100
659	39531300	3436400	100
660	39531400	3436400	100
661	39531500	3436400	100
662	39531600	3436400	100
663	39531700	3436400	100
664	39531800	3436400	100
665	39531900	3436400	100
666	39532000	3436400	100
667	39532100	3436400	100
668	39532200	3436400	100
669	39532300	3436400	100
670	39532400	3436400	100
671	39532500	3436400	100
672	39532600	3436400	100
673	39532700	3436400	100
674	39532800	3436400	100
675	39532900	3436400	100
676	39533000	3436400	100
677	39533100	3436400	100
678	39533200	3436400	100
679	39533300	3436400	100
680	39533400	3436400	100
681	39533500	3436400	100
682	39533600	3436400	100
683	39533700	3436400	100
684	39533800	3436400	100
685	39533900	3436400	100
686	39534000	3436400	100
687	39534100	3436400	100
688	39534200	3436400	100
689	39534300	3436400	100
690	39534400	3436400	100
691	39534500	3436400	100
692	39534600	3436400	100
693	39534700	3436400	100
694	39534800	3436400	100
695	39534900	3436400	100
696	39535000	3436400	100
697	39531000	3436500	100
698	39531100	3436500	100
699	39531200	3436500	100
700	39531300	3436500	100
701	39531400	3436500	100
702	39531500	3436500	100
703	39531600	3436500	100
704	39531700	3436500	100
705	39531800	3436500	100
706	39531900	3436500	100
707	39532000	3436500	100
708	39532100	3436500	100
709	39532200	3436500	100
710	39532300	3436500	100
711	39532400	3436500	100
712	39532500	3436500	100
713	39532600	3436500	100
714	39532700	3436500	100
715	39532800	3436500	100
716	39532900	3436500	100
717	39533000	3436500	100
718	39533100	3436500	100
719	39533200	3436500	100
720	39533300	3436500	100
721	39533400	3436500	100
722	39533500	3436500	100
723	39533600	3436500	100
724	39533700	3436500	100
725	39533800	3436500	100
726	39533900	3436500	100
727	39534000	3436500	100
728	39534100	3436500	100
729	39534200	3436500	100
730	39534300	3436500	100
731	39534400	3436500	100
732	39534500	3436500	100
733	39534600	3436500	100
734	39534700	3436500	100
735	39534800	3436500	100
736	39534900	3436500	100
737	39535000	3436500	100
738	39531000	3436600	100
739	39531100	3436600	100
740	39531200	3436600	100
741	39531300	3436600	100
742	39531400	3436600	100
743	39531500	3436600	100
744	39531600	3436600	100
745	39531700	3436600	100
746	39531800	3436600	100
747	39531900	3436600	100
748	39532000	3436600	100
749	39532100	3436600	100
750	39532200	3436600	100
751	39532300	3436600	100
752	39532400	3436600	100
753	39532500	3436600	100
754	39532600	3436600	100
755	39532700	3436600	100
756	39532800	3436600	100
757	39532900	3436600	100
758	39533000	3436600	100
759	39533100	3436600	100
760	39533200	3436600	100
761	39533300	3436600	100
762	39533400	3436600	100
763	39533500	3436600	100
764	39533600	3436600	100
765	39533700	3436600	100
766	39533800	3436600	100
767	39533900	3436600	100
768	39534000	3436600	100
769	39534100	3436600	100
770	39534200	3436600	100
771	39534300	3436600	100
772	39534400	3436600	100
773	39534500	3436600	100
774	39534600	3436600	100
775	39534700	3436600	100
776	39534800	3436600	100
777	39534900	3436600	100
778	39535000	3436600	100
779	39531000	3436700	100
780	39531100	3436700	100
781	39531200	3436700	100
782	39531300	3436700	100
783	39531400	3436700	100
784	39531500	3436700	100
785	39531600	3436700	100
786	39531700	3436700	100
787	39531800	3436700	100
788	39531900	3436700	100
789	39532000	3436700	100
790	39532100	3436700	100
791	39532200	3436700	100
792	39532300	3436700	100
793	39532400	3436700	100
794	39532500	3436700	100
795	39532600	3436700	100
796	39532700	3436700	100
797	39532800	3436700	100
798	39532900	3436700	100
799	39533000	3436700	100
800	39533100	3436700	100
801	39533200	3436700	100
802	39533300	3436700	100
803	39533400	3436700	100
804	39533500	3436700	100
805	39533600	3436700	100
806	39533700	3436700	100
807	39533800	3436700	100
808	39533900	3436700	100
809	39534000	3436700	100
810	39534100	3436700	100
811	39534200	3436700	100
812	39534300	3436700	100
813	39534400	3436700	100
814	39534500	3436700	100
815	39534600	3436700	100
816	39534700	3436700	100
817	39534800	3436700	100
818	39534900	3436700	100
819	39535000	3436700	100
820	39531000	3436800	100
821	39531100	3436800	100
822	39531200	3436800	100
823	39531300	3436800	100
824	39531400	3436800	100
825	39531500	3436800	100
826	39531600	3436800	100
827	39531700	3436800	100
828	39531800	3436800	100
829	39531900	3436800	100
830	39532000	3436800	100
831	39532100	3436800	100
832	39532200	3436800	100
833	39532300	3436800	100
834	39532400	3436800	100
835	39532500	3436800	100
836	39532600	3436800	100
837	39532700	3436800	100
838	39532800	3436800	100
839	39532900	3436800	100
840	39533000	3436800	100
841	39533100	3436800	100
842	39533200	3436800	100
843	39533300	3436800	100
844	39533400	3436800	100
845	39533500	3436800	100
846	39533600	3436800	100
847	39533700	3436800	100
848	39533800	3436800	100
849	39533900	3436800	100
850	39534000	3436800	100
851	39534100	3436800	100
852	39534200	3436800	100
853	39534300	3436800	100
854	39534400	3436800	100
855	39534500	3436800	100
856	39534600	3436800	100
857	39534700	3436800	100
858	39534800	3436800	100
859	39534900	3436800	100
860	39535000	3436800	100
861	39531000	3436900	100
862	39531100	3436900	100
863	39531200	3436900	100
864	39531300	3436900	100
865	39531400	3436900	100
866	39531500	3436900	100
867	39531600	3436900	100
868	39531700	3436900	100
869	39531800	3436900	100
870	39531900	3436900	100
871	39532000	3436900	100
872	39532100	3436900	100
873	39532200	3436900	100
874	39532300	3436900	100
875	39532400	3436900	100
876	39532500	3436900	100
877	39532600	3436900	100
878	39532700	3436900	100
879	39532800	3436900	100
880	39532900	3436900	100
881	39533000	3436900	100
882	39533100	3436900	100
883	39533200	3436900	100
884	39533300	3436900	100
885	39533400	3436900	100
886	39533500	3436900	100
887	39533600	3436900	100
888	39533700	3436900	100
889	39533800	3436900	100
890	39533900	3436900	100
891	39534000	3436900	100
892	39534100	3436900	100
893	39534200	3436900	100
894	39534300	3436900	100
895	39534400	3436900	100
896	39534500	3436900	100
897	39534600	3436900	100
898	39534700	3436900	100
899	39534800	3436900	100
900	39534900	3436900	100
901	39535000	3436900	100
902	39531000	3437000	100
903	39531100	3437000	100
904	39531200	3437000	100
905	39531300	3437000	100
906	39531400	3437000	100
907	39531500	3437000	100
908	39531600	3437000	100
909	39531700	3437000	100
910	39531800	3437000	100
911	39531900	3437000	100
912	39532000	3437000	100
913	39532100	3437000	100
914	39532200	3437000	100
915	39532300	3437000	100
916	39532400	3437000	100
917	39532500	3437000	100
918	39532600	3437000	100
919	39532700	3437000	100
920	39532800	3437000	100
921	39532900	3437000	100
922	39533000	3437000	100
923	39533100	3437000	100
924	39533200	3437000	100
925	39533300	3437000	100
926	39533400	3437000	100
927	39533500	3437000	100
928	39533600	3437000	100
929	39533700	3437000	100
930	39533800	3437000	100
931	39533900	3437000	100
932	39534000	3437000	100
933	39534100	3437000	100
934	39534200	3437000	100
935	39534300	3437000	100
936	39534400	3437000	100
937	39534500	3437000	100
938	39534600	3437000	100
939	39534700	3437000	100
940	39534800	3437000	100
941	39534900	3437000	100
942	39535000	3437000	100
943	39531000	3437100	100
944	39531100	3437100	100
945	39531200	3437100	100
946	39531300	3437100	100
947	39531400	3437100	100
948	39531500	3437100	100
949	39531600	3437100	100
950	39531700	3437100	100
951	39531800	3437100	100
952	39531900	3437100	100
953	39532000	3437100	100
954	39532100	3437100	100
955	39532200	3437100	100
956	39532300	3437100	100
957	39532400	3437100	100
958	39532500	3437100	100
959	39532600	3437100	100
960	39532700	3437100	100
961	39532800	3437100	100
962	39532900	3437100	100
963	39533000	3437100	100
964	39533100	3437100	100
965	39533200	3437100	100
966	39533300	3437100	100
967	39533400	3437100	100
968	39533500	3437100	100
969	39533600	3437100	100
970	39533700	3437100	100
971	39533800	3437100	100
972	39533900	3437100	100
973	39534000	3437100	100
974	39534100	3437100	100
975	39534200	3437100	100
976	39534300	3437100	100
977	39534400	3437100	100
978	39534500	3437100	100
979	39534600	3437100	100
980	39534700	3437100	100
981	39534800	3437100	100
982	39534900	3437100	100
983	39535000	3437100	100
984	39531000	3437200	100
985	39531100	3437200	100
986	39531200	3437200	100
987	39531300	3437200	100
988	39531400	3437200	100
989	39531500	3437200	100
990	39531600	3437200	100
991	39531700	3437200	100
992	39531800	3437200	100
993	39531900	3437200	100
994	39532000	3437200	100
995	39532100	3437200	100
996	39532200	3437200	100
997	39532300	3437200	100
998	39532400	3437200	100
999	39532500	3437200	100
1000	39532600	3437200	100
1001	39532700	3437200	100
1002	39532800	3437200	100
1003	39532900	3437200	100
1004	39533000	3437200	100
1005	39533100	3437200	100
1006	39533200	3437200	100
1007	39533300	3437200	100
1008	39533400	3437200	100
1009	39533500	3437200	100
1010	39533600	3437200	100
1011	39533700	3437200	100
1012	39533800	3437200	100
1013	39533900	3437200	100
1014	39534000	3437200	100
1015	39534100	3437200	100
1016	39534200	3437200	100
1017	39534300	3437200	100
1018	39534400	3437200	100
1019	39534500	3437200	100
1020	39534600	3437200	100
1021	39534700	3437200	100
1022	39534800	3437200	100
1023	39534900	3437200	100
1024	39535000	3437200	100
1025	39531000	3437300	100
1026	39531100	3437300	100
1027	39531200	3437300	100
1028	39531300	3437300	100
1029	39531400	3437300	100
1030	39531500	3437300	100
1031	39531600	3437300	100
1032	39531700	3437300	100
1033	39531800	3437300	100
1034	39531900	3437300	100
1035	39532000	3437300	100
1036	39532100	3437300	100
1037	39532200	3437300	100
1038	39532300	3437300	100
1039	39532400	3437300	100
1040	39532500	3437300	100
1041	39532600	3437300	100
1042	39532700	3437300	100
1043	39532800	3437300	100
1044	39532900	3437300	100
1045	39533000	3437300	100
1046	39533100	3437300	100
1047	39533200	3437300	100
1048	39533300	3437300	100
1049	39533400	3437300	100
1050	39533500	3437300	100
1051	39533600	3437300	100
1052	39533700	3437300	100
1053	39533800	3437300	100
1054	39533900	3437300	100
1055	39534000	3437300	100
1056	39534100	3437300	100
1057	39534200	3437300	100
1058	39534300	3437300	100
1059	39534400	3437300	100
1060	39534500	3437300	100
1061	39534600	3437300	100
1062	39534700	3437300	100
1063	39534800	3437300	100
1064	39534900	3437300	100
1065	39535000	3437300	100
1066	39531000	3437400	100
1067	39531100	3437400	100
1068	39531200	3437400	100
1069	39531300	3437400	100
1070	39531400	3437400	100
1071	39531500	3437400	100
1072	39531600	3437400	100
1073	39531700	3437400	100
1074	39531800	3437400	100
1075	39531900	3437400	100
1076	39532000	3437400	100
1077	39532100	3437400	100
1078	39532200	3437400	100
1079	39532300	3437400	100
1080	39532400	3437400	100
1081	39532500	3437400	100
1082	39532600	3437400	100
1083	39532700	3437400	100
1084	39532800	3437400	100
1085	39532900	3437400	100
1086	39533000	3437400	100
1087	39533100	3437400	100
1088	39533200	3437400	100
1089	39533300	3437400	100
1090	39533400	3437400	100
1091	39533500	3437400	100
1092	39533600	3437400	100
1093	39533700	3437400	100
1094	39533800	3437400	100
1095	39533900	3437400	100
1096	39534000	3437400	100
1097	39534100	3437400	100
1098	39534200	3437400	100
1099	39534300	3437400	100
1100	39534400	3437400	100
1101	39534500	3437400	100
1102	39534600	3437400	100
1103	39534700	3437400	100
1104	39534800	3437400	100
1105	39534900	3437400	100
1106	39535000	3437400	100
1107	39531000	3437500	100
1108	39531100	3437500	100
1109	39531200	3437500	100
1110	39531300	3437500	100
1111	39531400	3437500	100
1112	39531500	3437500	100
1113	39531600	3437500	100
1114	39531700	3437500	100
1115	39531800	3437500	100
1116	39531900	3437500	100
1117	39532000	3437500	100
1118	39532100	3437500	100
1119	39532200	3437500	100
1120	39532300	3437500	100
1121	39532400	3437500	100
1122	39532500	3437500	100
1123	39532600	3437500	100
1124	39532700	3437500	100
1125	39532800	3437500	100
1126	39532900	3437500	100
1127	39533000	3437500	100
1128	39533100	3437500	100
1129	39533200	3437500	100
1130	39533300	3437500	100
1131	39533400	3437500	100
1132	39533500	3437500	100
1133	39533600	3437500	100
1134	39533700	3437500	100
1135	39533800	3437500	100
1136	39533900	3437500	100
1137	39534000	3437500	100
1138	39534100	3437500	100
1139	39534200	3437500	100
1140	39534300	3437500	100
1141	39534400	3437500	100
1142	39534500	3437500	100
1143	39534600	3437500	100
1144	39534700	3437500	100
1145	39534800	3437500	100
1146	39534900	3437500	100
1147	39535000	3437500	100
1148	39531000	3437600	100
1149	39531100	3437600	100
1150	39531200	3437600	100
1151	39531300	3437600	100
1152	39531400	3437600	100
1153	39531500	3437600	100
1154	39531600	3437600	100
1155	39531700	3437600	100
1156	39531800	3437600	100
1157	39531900	3437600	100
1158	39532000	3437600	100
1159	39532100	3437600	100
1160	39532200	3437600	100
1161	39532300	3437600	100
1162	39532400	3437600	100
1163	39532500	3437600	100
1164	39532600	3437600	100
1165	39532700	3437600	100
1166	39532800	3437600	100
1167	39532900	3437600	100
1168	39533000	3437600	100
1169	39533100	3437600	100
1170	39533200	3437600	100
1171	39533300	3437600	100
1172	39533400	3437600	100
1173	39533500	3437600	100
1174	39533600	3437600	100
1175	39533700	3437600	100
1176	39533800	3437600	100
1177	39533900	3437600	100
1178	39534000	3437600	100
1179	39534100	3437600	100
1180	39534200	3437600	100
1181	39534300	3437600	100
1182	39534400	3437600	100
1183	39534500	3437600	100
1184	39534600	3437600	100
1185	39534700	3437600	100
1186	39534800	3437600	100
1187	39534900	3437600	100
1188	39535000	3437600	100
1189	39531000	3437700	100
1190	39531100	3437700	100
1191	39531200	3437700	100
1192	39531300	3437700	100
1193	39531400	3437700	100
1194	39531500	3437700	100
1195	39531600	3437700	100
1196	39531700	3437700	100
1197	39531800	3437700	100
1198	39531900	3437700	100
1199	39532000	3437700	100
1200	39532100	3437700	100
1201	39532200	3437700	100
1202	39532300	3437700	100
1203	39532400	3437700	100
1204	39532500	3437700	100
1205	39532600	3437700	100
1206	39532700	3437700	100
1207	39532800	3437700	100
1208	39532900	3437700	100
1209	39533000	3437700	100
1210	39533100	3437700	100
1211	39533200	3437700	100
1212	39533300	3437700	100
1213	39533400	3437700	100
1214	39533500	3437700	100
1215	39533600	3437700	100
1216	39533700	3437700	100
1217	39533800	3437700	100
1218	39533900	3437700	100
1219	39534000	3437700	100
1220	39534100	3437700	100
1221	39534200	3437700	100
1222	39534300	3437700	100
1223	39534400	3437700	100
1224	39534500	3437700	100
1225	39534600	3437700	100
1226	39534700	3437700	100
1227	39534800	3437700	100
1228	39534900	3437700	100
1229	39535000	3437700	100
1230	39531000	3437800	100
1231	39531100	3437800	100
1232	39531200	3437800	100
1233	39531300	3437800	100
1234	39531400	3437800	100
1235	39531500	3437800	100
1236	39531600	3437800	100
1237	39531700	3437800	100
1238	39531800	3437800	100
1239	39531900	3437800	100
1240	39532000	3437800	100
1241	39532100	3437800	100
1242	39532200	3437800	100
1243	39532300	3437800	100
1244	39532400	3437800	100
1245	39532500	3437800	100
1246	39532600	3437800	100
1247	39532700	3437800	100
1248	39532800	3437800	100
1249	39532900	3437800	100
1250	39533000	3437800	100
1251	39533100	3437800	100
1252	39533200	3437800	100
1253	39533300	3437800	100
1254	39533400	3437800	100
1255	39533500	3437800	100
1256	39533600	3437800	100
1257	39533700	3437800	100
1258	39533800	3437800	100
1259	39533900	3437800	100
1260	39534000	3437800	100
1261	39534100	3437800	100
1262	39534200	3437800	100
1263	39534300	3437800	100
1264	39534400	3437800	100
1265	39534500	3437800	100
1266	39534600	3437800	100
1267	39534700	3437800	100
1268	39534800	3437800	100
1269	39534900	3437800	100
1270	39535000	3437800	100
1271	39531000	3437900	100
1272	39531100	3437900	100
1273	39531200	3437900	100
1274	39531300	3437900	100
1275	39531400	3437900	100
1276	39531500	3437900	100
1277	39531600	3437900	100
1278	39531700	3437900	100
1279	39531800	3437900	100
1280	39531900	3437900	100
1281	39532000	3437900	100
1282	39532100	3437900	100
1283	39532200	3437900	100
1284	39532300	3437900	100
1285	39532400	3437900	100
1286	39532500	3437900	100
1287	39532600	3437900	100
1288	39532700	3437900	100
1289	39532800	3437900	100
1290	39532900	3437900	100
1291	39533000	3437900	100
1292	39533100	3437900	100
1293	39533200	3437900	100
1294	39533300	3437900	100
1295	39533400	3437900	100
1296	39533500	3437900	100
1297	39533600	3437900	100
1298	39533700	3437900	100
1299	39533800	3437900	100
1300	39533900	3437900	100
1301	39534000	3437900	100
1302	39534100	3437900	100
1303	39534200	3437900	100
1304	39534300	3437900	100
1305	39534400	3437900	100
1306	39534500	3437900	100
1307	39534600	3437900	100
1308	39534700	3437900	100
1309	39534800	3437900	100
1310	39534900	3437900	100
1311	39535000	3437900	100
1312	39531000	3438000	100
1313	39531100	3438000	100
1314	39531200	3438000	100
1315	39531300	3438000	100
1316	39531400	3438000	100
1317	39531500	3438000	100
1318	39531600	3438000	100
1319	39531700	3438000	100
1320	39531800	3438000	100
1321	39531900	3438000	100
1322	39532000	3438000	100
1323	39532100	3438000	100
1324	39532200	3438000	100
1325	39532300	3438000	100
1326	39532400	3438000	100
1327	39532500	3438000	100
1328	39532600	3438000	100
1329	39532700	3438000	100
1330	39532800	3438000	100
1331	39532900	3438000	100
1332	39533000	3438000	100
1333	39533100	3438000	100
1334	39533200	3438000	100
1335	39533300	3438000	100
1336	39533400	3438000	100
1337	39533500	3438000	100
1338	39533600	3438000	100
1339	39533700	3438000	100
1340	39533800	3438000	100
1341	39533900	3438000	100
1342	39534000	3438000	100
1343	39534100	3438000	100
1344	39534200	3438000	100
1345	39534300	3438000	100
1346	39534400	3438000	100
1347	39534500	3438000	100
1348	39534600	3438000	100
1349	39534700	3438000	100
1350	39534800	3438000	100
1351	39534900	3438000	100
1352	39535000	3438000	100

