x(m)                     y(m)                     z(m)                     U(unit)                  magnetic_x(nT)           magnetic_y(nT)           magnetic_z(nT)           
-5.0000000               -5.0000000               30.0000000               -5.30970800108021e-06    1.21384258586638e+02     -2.04269843228195e+01    -5.86645919256900e+02    
-4.0000000               -4.0000000               30.0000000               -5.38301145801907e-06    1.02295049052967e+02     -6.02341705179718e+01    -6.56170484103848e+02    
-3.0000000               -3.0000000               30.0000000               -5.38558000139012e-06    7.27924384146302e+01     -1.14423625341632e+02    -7.29575408612218e+02    
-2.0000000               -2.0000000               30.0000000               -5.28903393269453e-06    2.96259744081295e+01     -1.87135685993313e+02    -8.03711763173968e+02    
-1.0000000               -1.0000000               30.0000000               -5.05698646706743e-06    -3.09379717744381e+01    -2.83188660416278e+02    -8.73016284759588e+02    
0.0000000                0.0000000                30.0000000               -4.64421800776103e-06    -1.12703026894984e+02    -4.07683182452215e+02    -9.28423661403194e+02    
1.0000000                1.0000000                30.0000000               -3.99716524537994e-06    -2.18587896034247e+02    -5.65040609758190e+02    -9.56212871012216e+02    
2.0000000                2.0000000                30.0000000               -3.05712215404345e-06    -3.48858119167922e+02    -7.57180038936531e+02    -9.37326508124153e+02    
3.0000000                3.0000000                30.0000000               -1.76798479915061e-06    -4.98468618783479e+02    -9.80722484696231e+02    -8.48251832489579e+02    
4.0000000                4.0000000                30.0000000               -8.99974965658284e-08    -6.54104214801542e+02    -1.22375672504939e+03    -6.64953995643025e+02    
5.0000000                5.0000000                30.0000000               1.98123511932029e-06     -7.92631377390439e+02    -1.46379783477354e+03    -3.70739676667584e+02    
6.0000000                6.0000000                30.0000000               4.39548350015645e-06     -8.83444039659157e+02    -1.66930786965095e+03    3.35181383157745e+01     
7.0000000                7.0000000                30.0000000               7.03757303552525e-06     -8.96081401171077e+02    -1.80610878929970e+03    5.21704017902873e+02     
8.0000000                8.0000000                30.0000000               9.73495401345260e-06     -8.11128364683378e+02    -1.84700843628912e+03    1.04313805888795e+03     
9.0000000                9.0000000                30.0000000               1.22851943663193e-05     -6.29186062233313e+02    -1.78037561047047e+03    1.53353643050397e+03     
10.0000000               10.0000000               30.0000000               1.44955855602893e-05     -3.72834019671554e+02    -1.61379948694755e+03    1.93210093750035e+03     
11.0000000               11.0000000               30.0000000               1.62210544498581e-05     -8.02284363121598e+01    -1.37172218016520e+03    2.19731597100709e+03     
12.0000000               12.0000000               30.0000000               1.73877753669246e-05     2.06588449982597e+02     -1.08847250111547e+03    2.31537271557630e+03     
13.0000000               13.0000000               30.0000000               1.79964980006128e-05     4.53291686916604e+02     -7.99380588243027e+02    2.29908042000403e+03     
14.0000000               14.0000000               30.0000000               1.81077761306504e-05     6.40161725867637e+02     -5.33015876249987e+02    2.17922962226227e+03     
15.0000000               15.0000000               30.0000000               1.78173629159021e-05     7.62640635433064e+02     -3.06977532476155e+02    1.99307325799104e+03     
16.0000000               16.0000000               30.0000000               1.72315384235232e-05     8.27235332508442e+02     -1.27866921248055e+02    1.77473710691171e+03     
17.0000000               17.0000000               30.0000000               1.64490908106060e-05     8.45965256361155e+02     5.88791839645215e+00     1.55009278208256e+03     
18.0000000               18.0000000               30.0000000               1.55518518617598e-05     8.31853976886340e+02     1.00413711828627e+02     1.33582532164865e+03     
19.0000000               19.0000000               30.0000000               1.46021556979961e-05     7.96345984436525e+02     1.63436007396913e+02     1.14095179711808e+03     
20.0000000               20.0000000               30.0000000               1.36444075683208e-05     7.48355737187628e+02     2.02458088590280e+02     9.69101111321005e+02     
21.0000000               21.0000000               30.0000000               1.27083733640566e-05     6.94283979207826e+02     2.23911333922459e+02     8.20579994985515e+02     
22.0000000               22.0000000               30.0000000               1.18127218499256e-05     6.38446299308573e+02     2.32922517153127e+02     6.93891809971767e+02     
23.0000000               23.0000000               30.0000000               1.09681319503211e-05     5.83588865843694e+02     2.33393998454684e+02     5.86720982006441e+02     
24.0000000               24.0000000               30.0000000               1.01797543939632e-05     5.31346544822249e+02     2.28204139371512e+02     4.96513666601153e+02     
25.0000000               25.0000000               30.0000000               9.44904865309733e-06     4.82600663398438e+02     2.19427414211779e+02     4.20790457005406e+02     
